_viz_ace_editor = nengo_gui.components.AceEditorTemplate()
_viz_net_graph = nengo_gui.components.NetGraphTemplate()
_viz_sim_control = nengo_gui.components.SimControlTemplate()
_viz_config[_viz_sim_control].kept_time = 4
_viz_config[_viz_sim_control].shown_time = 0.5
_viz_config[model].pos=(-0.11958341123041638, -0.19150685431540349)
_viz_config[model].size=(1.2964769927807067, 1.2964769927807067)
_viz_config[model].expanded=True
_viz_config[model].has_layout=True
_viz_config[post].pos=(0.8584905660377359, 0.5)
_viz_config[post].size=(0.09433962264150943, 0.25)
_viz_config[pre].pos=(0.48113207547169806, 0.5)
_viz_config[pre].size=(0.09433962264150943, 0.25)
_viz_config[sin].pos=(0.12264150943396226, 0.5)
_viz_config[sin].size=(0.07547169811320754, 0.2)